4294967278,376
4294967278,375
33,15
33,27
33,43
4294967279,439
4294967278,374
33,42
33,16
4294967278,373
33,41
4294967278,372
4294967278,371
4294967279,438
4294967279,437
4294967279,436
4294967279,435
33,40
33,39
4294967279,434
33,38
33,37
4294967278,370
4294967279,433
4294967279,432
4294967279,431
4294967278,369
4294967278,368
4294967279,430
4294967279,429
4294967279,428
4294967279,427
4294967279,426
33,36
4294967279,425
4294967279,424
4294967278,367
4294967279,423
33,35
4294967279,422
4294967279,421
4294967278,366
4294967279,420
33,34
4294967278,365
4294967278,364
33,33
33,32
4294967278,363
33,31
4294967279,419
4294967278,362
4294967278,361
4294967278,360
4294967278,359
4294967278,358
33,30
4294967279,418
4294967279,417
4294967278,357
4294967278,356
4294967279,416
4294967278,355
4294967278,354
4294967279,415
33,29
33,11
33,28
4294967278,353
33,18
4294967278,352
4294967278,351
4294967279,414
33,10
4294967278,350
33,26
33,25
4294967279,413
4294967279,412
33,24
33,23
33,22
4294967279,411
33,21
4294967279,410
4294967278,349
33,20
33,19
4294967278,348
4294967279,409
4294967278,347
4294967278,346
4294967279,408
4294967278,345
33,17
4294967278,344
4294967279,407
4294967278,343
4294967279,406
33,14
33,13
4294967279,405
4294967279,404
33,12
4294967279,403
4294967278,342
4294967279,402
4294967279,401
4294967279,400
4294967278,341
4294967279,399
4294967278,340
33,5
33,9
33,8
4294967279,398
4294967279,397
4294967278,339
4294967278,338
4294967278,337
4294967279,396
4294967279,395
4294967279,394
4294967279,393
4294967278,336
4294967278,335
4294967279,392
4294967279,391
4294967278,334
4294967278,333
4294967278,332
33,7
33,6
4294967278,331
4294967278,330
4294967278,329
4294967278,328
4294967279,390
4294967278,327
4294967278,326
4294967279,389
4294967278,325
4294967279,388
4294967279,387
4294967279,386
4294967278,324
4294967279,385
4294967278,323
4294967278,322
4294967279,384
4294967278,321
4294967278,320
4294967279,383
4294967279,382
4294967279,381
4294967279,380
4294967278,575
4294967279,379
4294967278,574
4294967278,573
4294967278,572
4294967278,571
4294967279,378
4294967294,1444
4294967278,570
42,8
4294967294,480
4294967279,377
42,7
4294967278,569
42,6
4294967294,1428
4294967294,1443
4294967279,376
46,6
4294967279,375
45,6
46,5
4294967294,1442
45,5
4294967294,974
43,8
4294967294,1441
4294967294,945
43,7
4294967279,374
44,5
4294967278,568
39,5
4294967279,373
38,5
47,8
4294967278,567
47,7
47,6
4294967279,372
47,5
4294967279,371
34,7
4294967278,566
34,6
4294967279,370
30,6
4294967279,369
30,5
29,8
29,7
4294967294,1440
4294967278,565
29,6
4294967294,479
29,5
28,6
28,5
4294967294,1439
4294967294,1409
4294967278,564
27,9
4294967279,368
4294967279,367
27,8
4294967279,366
4294967278,563
27,7
4294967279,365
27,6
4294967279,364
24,7
24,6
4294967278,562
4294967279,363
24,5
4294967279,362
23,5
4294967278,561
4294967279,361
22,8
22,7
22,6
22,5
4294967279,360
21,8
21,7
21,6
4294967278,560
20,9
4294967279,359
4294967278,559
4294967294,1417
20,8
4294967279,358
20,7
21,5
4294967294,1438
4294967294,1437
4294967279,357
4294967278,558
20,6
4294967278,557
4294967279,356
4294967279,355
20,5
4294967278,556
4294967279,354
4294967279,353
17,5
4294967294,478
4294967278,555
4294967279,352
4294967279,351
18,8
4294967279,350
4294967278,554
18,7
4294967294,1436
4294967278,553
18,6
4294967278,552
16,5
4294967278,551
4294967279,349
15,9
4294967294,1435
4294967294,1434
4294967294,52
4294967279,348
4294967278,550
15,8
15,7
4294967278,549
15,6
4294967279,347
4294967279,346
15,5
4294967294,1433
4294967278,548
12,5
4294967294,1432
4294967294,1413
119,4
119,3
119,2
119,1
118,4
118,3
118,2
118,1
117,4
117,3
117,2
117,1
116,4
116,3
116,2
116,1
115,4
115,3
115,2
115,1
114,4
114,3
114,2
114,1
4294967278,547
4294967294,1416
4294967294,477
113,4
113,3
113,2
113,1
112,4
112,3
112,2
112,1
111,4
111,3
111,2
111,1
110,4
110,3
110,2
110,1
109,4
109,3
109,2
109,1
108,4
108,3
108,2
108,1
4294967294,1431
107,4
107,3
107,2
107,1
106,4
106,3
106,2
106,1
105,4
105,3
105,2
105,1
104,4
104,3
104,2
104,1
103,4
103,3
103,2
103,1
102,4
102,3
102,2
102,1
4294967294,1430
4294967279,345
4294967294,1429
101,4
101,3
101,2
101,1
100,4
100,3
100,2
100,1
99,4
99,3
99,2
99,1
98,4
98,3
98,2
98,1
97,4
97,3
97,2
97,1
96,4
96,3
96,2
96,1
95,4
95,3
95,2
95,1
94,4
94,3
94,2
94,1
93,4
93,3
93,2
93,1
92,4
92,3
92,2
92,1
91,4
91,3
91,2
91,1
90,12
90,11
90,10
90,9
90,8
90,7
90,6
90,5
90,4
90,3
90,2
90,1
10,11
10,10
4294967294,476
4294967278,546
10,9
4294967279,344
4294967278,545
10,8
4294967294,1408
4294967279,343
4294967278,544
4294967278,543
31,5
4294967279,342
4294967278,542
4294967278,541
32,7
4294967278,540
4294967279,341
4294967279,340
32,6
4294967294,1151
4294967279,339
4294967278,539
4294967278,538
4294967278,537
32,5
89,4
89,3
89,2
89,1
88,4
88,3
88,2
88,1
87,4
87,3
87,2
87,1
86,4
86,3
86,2
86,1
85,4
85,3
85,2
85,1
84,4
84,3
84,2
84,1
4294967279,338
4294967279,337
4294967278,536
4294967279,336
4294967279,335
4294967294,973
83,4
83,3
83,2
83,1
82,4
82,3
82,2
82,1
81,4
81,3
81,2
81,1
80,4
80,3
80,2
80,1
79,4
79,3
79,2
79,1
78,4
78,3
78,2
78,1
77,4
77,3
77,2
77,1
76,4
76,3
76,2
76,1
75,4
75,3
75,2
75,1
74,4
74,3
74,2
74,1
73,4
73,3
73,2
73,1
72,14
72,13
72,12
72,11
